function [measured_val, boundingBox]= Data_v1()


measured_val = [
    
    305.4125    248.805
    305.584     248.8186
    305.2837	248.9496
    305.3398	248.8055
    305.938 	248.905
    306.5453	248.3385
    306.8378	248.6659
    306.0652	248.0668
    306.3864	247.8239
    306.0414	247.2564
    306.1816	247.5822
    307.7185	247.0476
    307.6081	247.076
    306.0684	246.5526
    306.9223	246.5974
    307.337     246.6951
    307.0823	246.2105
    307.5164	246.004
    306.3767	245.7513
    305.9758	244.9527
    307.1695	245.3552
    307.4278	245.2584
    308.0525	245.6849
    307.0788	245.5837
    307.5214	245.6781
    308.5744	245.8217
    307.6186	245.4945
    307.5314	245.4727
    308.5489	245.3283
    308.1775	245.2146
    308.5518	244.8611
    309.256     244.7524
    308.6094	244.3398
    308.9663	244.4837
    308.519     244.6097
    309.016     244.5719
    309.0592	243.9034
    308.4542	244.2258
    308.2925	243.4848
    308.7394	243.4507
    308.1523	243.3635
    308.8576	242.4363
    308.8487	242.6233
    308.9197	243.3984
    308.4168	243.5557
    309.1392	243.1228
    308.8244	242.9674
    309.8745	243.1604
    309.5847	243.1465
    309.2619	243.2755
    309.944     243.2565
    309.4341	243.0271
    309.5593	243.2552
    309.5499	243.5431
    309.6182	242.5273
    310.5481	242.1941
    310.1627	242.2338
    310.0478	242.5324
    309.981     242.4672
    308.9177	242.6843
    309.8432	242.4182
    310.214     242.3759
    309.2902	242.5462
    310.2295	242.1773
    309.8019	242.2978
    310.4687	242.0473
    309.9416	241.8499
    309.7986	241.9247
    309.4946	242.124
    309.3994	241.438
    309.2039	240.9819
    309.8134	240.8017
    309.5667	241.6222
    308.7942	242.5288
    309.9174	241.033
    309.9433	241.0402
    309.7508	240.8028
    309.9557	240.8656
    309.6698	241.1215
    310.3373	240.9202
    310.3502	241.336
    309.5331	241.3786
    309.7847	241.2919
    310.2717	241.16
    309.7496	240.7858
    310.0046	240.4825
    310.1483	240.5712
    310.6       240.6705
    310.887     240.3373
    310.3832	240.5066
    310.3144	240.6203
    311.2659	240.8907
    310.7161	240.5774
    311.158     240.6424
    310.7766	240.8422
    310.9872	240.4698
    310.9766	240.3622
    310.4631	240.0523
    311.2334	240.1346
    310.8124	240.2272
    310.3152	240.1789
    310.2256	240.2469
    309.8824	239.8269
    309.9679	239.6419
    310.2852	239.8134
    310.2615	240.0344
    309.7104	238.9496
    309.5362	239.7254
    310.2257	239.4803
    309.4961	239.1647
    308.9583	238.9089
    309.4874	239.4224
    309.7432	239.7061
    310.6734	240.6062
    310.4792	240.6577
    310.1277	240.516
    310.7916	240.4378
    310.6368	240.3469
    310.6818	240.336
    310.6349	240.3898
    310.8025	240.4057
    310.8866	240.4261
    310.3959	240.5296
    310.1521	240.2711
    310.8459	240.3
    310.5071	239.9488
    310.1986	239.7066
    310.0847	239.2681
    309.9812	238.7186
    310.0142	238.2459
    309.5477	237.745
    310.1158	238.2568
    310.0464	238.7848
    310.3103	239.369
    310.6184	239.7747
    311.4333	240.0832
    311.1933	240.2943
    310.1259	239.5365
    311.0956	240.3744
    311.3167	240.7379
    310.5709	240.1454
    310.1313	239.8183
    310.2035	239.731
    311.2787	239.8919
    311.2134	239.9809
    311.3615	240.0166
    311.4558	239.9549
    311.5139	239.6586
    310.7331	239.4098
    310.0642	239.2315
    310.0807	238.8896
    310.197     239.2698
    309.9846	239.0285
    310.6536	238.9863
    310.9258	239.2597
    311.0622	238.7469
    311.3975	238.8489
    311.002     239.0568
    310.5662	238.8798
    309.7109	238.4775
    309.4245	237.9934
    309.1899	238.1688
    309.8571	238.6032
    310.3121	238.948
    310.0568	239.1245
    311.1213	239.3033
    311.2294	238.9339
    310.5734	238.5232
    309.7196	237.9691
    310.3263	238.3581
    311.5793	239.5683
    311.1267	239.5885
    309.6607	238.7659
    310.7371	238.8933
    310.9375	238.7898
    310.8696	238.4526
    311.4779	238.1416
    311         237.455
    310.0389	237
    309.8272	236.9518
    310.4228	236.6477
    311.0525	237.4463
    310.9227	237.2391
    310.4058	237.0393
    311.1838	237.864
    311.3689	237.9787
    311.2135	237.7348
    310.6812	237.7339
    311.2521	237.9874
    310.8936	237.6761
    310.8906	237.7388
    311.2422	237.704
    311.3731	237.8764
    310.9362	237.9085
    311.6673	238.244
    310.8037	237.5731
    310.685     237.3007
    309.7154	236.9241
    309.9858	236.9745
  
];


